0
0
0
0
0
0
0
0
0
0
0
0
0
0
0
0,0276895
0,0276895
0,0276895
0,0276895
0,0276895
0,091081875
0,091081875
0,091081875
0,091081875
0,091081875
0,089488
0,089488
0,089488
0,089488
0,089488
0,0571505
0,0571505
0,0571505
0,0571505
0,0571505
0,024509688
0,024509688
0,024509688
0,024509688
0,024509688
0,004649125
0,004649125
0,004649125
0,004649125
0,004649125
0,00022325
0,00022325
0,00022325
0,00022325
0,00022325
0
0
0
0
0
0
0
0
0
0
0
0
0
0
0
0
0
0
0
0
0
0
0
0
0
0
0
0
0
0
0
0
0
0
0
0
0
0
0
0
0
0
0
0
0
0
0
0
0
0
0
0
0
0
0
0
0
0
0
0
