818167
914317
938936
939804
932909
935380
885501
826831
837259
835232
788780
728568
732176
733693
725180
700604
657129
671472
636329
665922
648653
682999
726087
757711
776245
900830
997241
1150306
1178846
1235159
1290218
1286729
1278421
1242393
1267375
1194463
1139573
1213400
1121021
1120701
1090156
1100616
1114405
1068984
1038137
1042711
1001904
1037962
940500
930097
918297
953731
1009490
1035454
1111442
1160756
1216455
1306096
1227192
1226037
1192351
1158348
1168582
1161643
1046813
1054666
1008789
995606
1003436
820491
791039
703660
426821
317678
288729
428274
653378
686166
723811
696285
662226
501308
409477
296031
256426
284653
247101
258781
199864
180683
136441
107474
79663
58486
38752
23100
15756
11710
5374
4826
1281
1284
1284
1284
1284
1284
1284
1284
1284
1284