865263
965741
992997
994639
984253
989380
935602
871149
881533
875216
830068
764225
763917
769286
761618
735520
690228
708107
661017
689608
669051
714022
758464
797403
805179
939735
1049821
1196552
1210934
1260436
1319810
1302868
1273059
1241926
1262849
1179407
1119464
1186187
1084298
1066244
1025215
1031313
1032253
991476
960904
960931
926587
964631
855087
839154
816007
834345
875116
880936
937524
958476
995119
1061617
960109
937527
897057
842058
822660
793031
700374
687950
643199
630592
606506
485763
457818
390265
232662
165340
145488
196420
284362
294554
290512
267122
257654
188035
149812
102801
84832
90966
77654
82548
56904
49239
38091
29003
20291
14192
9560
6251
4692
4004
1877
1630
477
474
474
474
474
474
474
474
474
474